9.734000000000000430e-01
9.596999999999999975e-01
9.615000000000000213e-01
9.664000000000000368e-01
9.829999999999999849e-01
9.412000000000000366e-01
9.683000000000000496e-01
9.415000000000000036e-01
9.650999999999999579e-01
9.412000000000000366e-01
9.412000000000000366e-01
9.412000000000000366e-01
9.412000000000000366e-01
8.559999999999999831e-01
6.393999999999999684e-01
6.393999999999999684e-01
6.393999999999999684e-01
6.393999999999999684e-01
6.393999999999999684e-01
6.393999999999999684e-01
