9.866000000000000325e-01
9.870999999999999774e-01
9.840999999999999748e-01
9.877000000000000224e-01
9.875000000000000444e-01
9.848999999999999977e-01
9.881999999999999673e-01
9.878000000000000114e-01
9.848999999999999977e-01
9.881999999999999673e-01
9.878000000000000114e-01
9.848999999999999977e-01
9.881999999999999673e-01
9.878000000000000114e-01
9.848999999999999977e-01
9.881999999999999673e-01
9.878000000000000114e-01
9.848999999999999977e-01
9.881999999999999673e-01
9.878000000000000114e-01
9.848999999999999977e-01
9.881999999999999673e-01
9.878000000000000114e-01
9.848999999999999977e-01
9.881999999999999673e-01
9.878000000000000114e-01
9.848999999999999977e-01
9.881999999999999673e-01
9.878000000000000114e-01
9.848999999999999977e-01
9.881999999999999673e-01
9.878000000000000114e-01
9.848999999999999977e-01
9.881999999999999673e-01
9.878000000000000114e-01
9.848999999999999977e-01
9.881999999999999673e-01
9.878000000000000114e-01
9.848999999999999977e-01
9.881999999999999673e-01
9.878000000000000114e-01
9.848999999999999977e-01
9.881999999999999673e-01
9.878000000000000114e-01
9.848999999999999977e-01
9.881999999999999673e-01
9.878000000000000114e-01
9.848999999999999977e-01
9.881999999999999673e-01
9.878000000000000114e-01
9.848999999999999977e-01
9.881999999999999673e-01
9.878000000000000114e-01
9.848999999999999977e-01
9.881999999999999673e-01
9.878000000000000114e-01
9.848999999999999977e-01
9.881999999999999673e-01
9.878000000000000114e-01
9.848999999999999977e-01
9.881999999999999673e-01
9.878000000000000114e-01
9.848999999999999977e-01
9.881999999999999673e-01
9.878000000000000114e-01
9.848999999999999977e-01
9.881999999999999673e-01
9.878000000000000114e-01
9.848999999999999977e-01
9.881999999999999673e-01
9.878000000000000114e-01
9.848999999999999977e-01
9.881999999999999673e-01
9.878000000000000114e-01
9.848999999999999977e-01
9.881999999999999673e-01
9.878000000000000114e-01
9.848999999999999977e-01
9.881999999999999673e-01
9.878000000000000114e-01
9.848999999999999977e-01
9.881999999999999673e-01
9.878000000000000114e-01
9.848999999999999977e-01
9.881999999999999673e-01
9.878000000000000114e-01
9.848999999999999977e-01
9.881999999999999673e-01
9.878000000000000114e-01
9.848999999999999977e-01
9.881999999999999673e-01
9.878000000000000114e-01
9.848999999999999977e-01
9.881999999999999673e-01
9.878000000000000114e-01
9.848999999999999977e-01
9.881999999999999673e-01
9.878000000000000114e-01
9.848999999999999977e-01
9.881999999999999673e-01
