1.253632199764251709e+02
1.232302110195159912e+02
1.241094160079956055e+02
1.126208460330963135e+02
1.042671458721160889e+02
1.048196580410003662e+02
1.081954720020294189e+02
1.041147158145904541e+02
1.053622989654541016e+02
1.033731019496917725e+02
1.093796839714050293e+02
1.303959360122680664e+02
1.264450991153717041e+02
1.304234220981597900e+02
1.076728539466857910e+02
1.034875750541687012e+02
1.064374570846557617e+02
1.041645770072937012e+02
1.035066831111907959e+02
1.042928740978240967e+02
1.037155590057373047e+02
1.033588118553161621e+02
1.049137258529663086e+02
1.037734279632568359e+02
1.038985900878906250e+02
1.038057789802551270e+02
1.115833320617675781e+02
1.045753371715545654e+02
1.040709850788116455e+02
1.036049728393554688e+02
1.049418070316314697e+02
1.038194561004638672e+02
1.138309469223022461e+02
1.086567862033843994e+02
1.098000409603118896e+02
1.040563488006591797e+02
1.097864840030670166e+02
1.061286530494689941e+02
1.058994350433349609e+02
1.043108730316162109e+02
1.042527740001678467e+02
1.048691320419311523e+02
1.043427088260650635e+02
1.042787530422210693e+02
1.041216809749603271e+02
1.055618948936462402e+02
1.125242478847503662e+02
1.288568589687347412e+02
1.183840780258178711e+02
1.194806439876556396e+02
1.101187598705291748e+02
1.143787579536437988e+02
1.320165438652038574e+02
1.313315238952636719e+02
1.337516729831695557e+02
1.321597409248352051e+02
1.310473940372467041e+02
1.377485871315002441e+02
1.457412488460540771e+02
1.314542269706726074e+02
1.298028137683868408e+02
1.221518390178680420e+02
1.142348530292510986e+02
1.233606009483337402e+02
1.086774039268493652e+02
1.073697178363800049e+02
2.120569283962249756e+03
1.105751879215240479e+02
1.044555180072784424e+02
1.072329828739166260e+02
1.082710850238800049e+02
1.066717581748962402e+02
1.052153031826019287e+02
1.079038889408111572e+02
1.055014860630035400e+02
1.074157700538635254e+02
1.052001819610595703e+02
1.051600790023803711e+02
1.270561800003051758e+02
1.101380939483642578e+02
1.158877880573272705e+02
1.336658899784088135e+02
2.158671050071716309e+02
1.582089209556579590e+02
1.126192359924316406e+02
1.113419189453125000e+02
1.115949120521545410e+02
1.109520809650421143e+02
1.175610411167144775e+02
1.141199741363525391e+02
1.097296841144561768e+02
1.095274150371551514e+02
1.101045150756835938e+02
1.108720951080322266e+02
1.103786571025848389e+02
1.079942281246185303e+02
1.083226931095123291e+02
1.083264381885528564e+02
1.143959410190582275e+02
1.612147898674011230e+02
