9.258322000503540039e+00
8.639807939529418945e+00
9.172443866729736328e+00
8.613996982574462891e+00
8.400857210159301758e+00
8.323916196823120117e+00
8.576600074768066406e+00
9.257100105285644531e+00
8.901998996734619141e+00
9.162161111831665039e+00
9.204955101013183594e+00
9.987200021743774414e+00
1.007029700279235840e+01
8.813365936279296875e+00
8.648013830184936523e+00
8.687242984771728516e+00
8.848248004913330078e+00
8.831924915313720703e+00
8.507120132446289062e+00
8.591672897338867188e+00
